ID
753592
162906
705644
511073
523055
280464
568434
53549
871711
81189
613897
338003
139744
551768
613439
175544
95997
705551
450775
861420
266343
909463
419860
113359
666621
55823
946439
866315
19126
303025
459593
215724
386244
308914
72067
169716
861309
88323
442035
95884
72313
486747
302983
467975
282328
556364
974909
34592
767748
170673
486305
508428
935475
560119
391775
971837
915489
428155
242099
700861
220028
72226
577221
435852
195213
248475
796628
93356
721248
401443
452642
702307
628001
974883
804630
534843
637433
551029
974682
460567
84409
17695
891625
688791
544527
203586
466436
87226
313891
308087
429933
295772
400025
897763
803266
350157
594461
769179
227586
725628
736929
166414
957580
868154
145650
944740
953097
811455
677587
449968
373068
681293
778378
283471
208508
421836
923588
151844
147304
