Views
28,897
290,053
535,078
3,157,477
8,029,819
354,141
1,826,258
58,806
361,071
371,070
346,544
436,313
346,817
27,337
259,857
165,336,751
30,542,356
365,665,017
743,558,420
286,747,965
222,738,078
301,160,912
115,293,425
28,008,234
44,850,140
7,616,633
62,384,251
3,846,028
98,341,088
27,971,834
3,190,233
2,174,995
1,450,730
775,271
319,869
83,663
124,876
76,932
198,473
110,215
222,257
346,697
891,809
223,691
470,629
5,965,908
6,395,402
3,935,699
18,869,495
2,555,497
4,969,930
1,371,872
930,493
2,171,244
1,316,336
3,396,647
9,587,127
932,770
9,497,022
1,157,384
22,326,331
683,560
426,632
2,100,216
231,970
517,471
5,393,239
583,058
1,533,675
918,857
286,087
238,278
222,687
13,065,295
820,184
685,832
284,175
10,325,571
2,205,115
424,789
9,732,610
1,566,389
1,538,571
557,526
313,816
15,616,392
3,343,783
618,896
859,316
858,643
909,874
389,348
8,446,928
602,779
225,902
5,745,753
10,566,296
732,982
781,244
411,170
2,374,038
280,319
117,204
3,301,217
102,906
408,107
4,829,961
5,576,245
11,133,273
4,932,021
7,399,832
2,219,074
13,178,635
1,686,415
1,312,388
1,811,858
2,738,997
693,093
703,777
